// InputPreviewNetwork
digraph "Images/InputPreviewNetwork" {
	1
	2
	3
	4
	5
	6
	7
	8
	9
	10
	11
	12
	13
	14
	15
	16
	17
	18
	19
	20
	21
	22
	23
	24
	25
	26
	27
	28
	29
	30
	31
	32
	33
	34
	35
	36
	37
	38
	39
	40
	41
	42
	43
	44
	45
	46
	47
	48
	49
	50
	51
	52
	53
	54
	1 -> 2
	2 -> 3
	2 -> 54
	3 -> 4
	3 -> 24
	4 -> 5
	4 -> 38
	5 -> 6
	5 -> 28
	6 -> 7
	6 -> 8
	8 -> 9
	8 -> 18
	9 -> 10
	10 -> 11
	10 -> 16
	11 -> 12
	11 -> 13
	13 -> 14
	13 -> 15
	16 -> 17
	17 -> 50
	18 -> 19
	18 -> 54
	19 -> 20
	19 -> 22
	20 -> 21
	20 -> 22
	22 -> 23
	23 -> 24
	23 -> 38
	24 -> 25
	25 -> 26
	25 -> 9
	26 -> 27
	26 -> 28
	28 -> 29
	29 -> 30
	29 -> 37
	30 -> 31
	30 -> 32
	32 -> 33
	32 -> 36
	33 -> 34
	33 -> 35
	36 -> 41
	37 -> 39
	38 -> 37
	39 -> 40
	39 -> 52
	40 -> 36
	40 -> 44
	41 -> 42
	41 -> 43
	43 -> 44
	43 -> 50
	44 -> 45
	45 -> 46
	45 -> 47
	47 -> 48
	47 -> 49
	50 -> 51
	52 -> 53
	52 -> 16
	54 -> 17
}
