// Pipeline Preview Network
digraph "Images/WeaklyTreeBasedAlgorithm" {
	1
	2
	3
	4
	5
	6
	7
	8
	9
	10
	11
	12
	13
	14
	15
	16
	17
	18
	19
	20
	21
	22
	23
	24
	25
	26
	27
	28
	29
	30
	31
	32
	33
	34
	35
	36
	37
	38
	39
	40
	41
	42
	43
	44
	45
	46
	47
	48
	49
	50
	51
	52
	53
	54
	55
	56
	57
	58
	59
	60
	61
	1 -> 43
	1 -> 2
	2 -> 3
	2 -> 156
	3 -> 59
	3 -> 4
	4 -> 5
	4 -> 162
	5 -> 8
	5 -> 6
	6 -> 7
	6 -> 12
	7 -> 11
	7 -> 147
	8 -> 61
	8 -> 147
	10 -> 37
	10 -> 158
	11 -> 34
	11 -> 154
	12 -> 13
	12 -> 166
	13 -> 14
	13 -> 170
	14 -> 15
	14 -> 168
	15 -> 148
	15 -> 150
	15 -> 151
	15 -> 152
	15 -> 174
	15 -> 176
	15 -> 178
	16 -> 149
	16 -> 180
	19 -> 57
	19 -> 180
	26 -> 53
	26 -> 164
	28 -> 52
	28 -> 172
	34 -> 60
	34 -> 148
	34 -> 149
	34 -> 151
	34 -> 152
	34 -> 164
	34 -> 174
	34 -> 176
	34 -> 178
	37 -> 153
	37 -> 160
	38 -> 47
	38 -> 48
	59 -> 156
	59 -> 158
	60 -> 49
	60 -> 172
	61 -> 46
	61 -> 153
	147 -> 10
	148 -> 16
	149 -> 150
	150 -> 19
	151 -> 26
	152 -> 28
	153 -> 154
	154 -> 38
	156 -> 44
	158 -> 160
	160 -> 162
	162 -> 45
	164 -> 166
	166 -> 168
	168 -> 170
	170 -> 50
	172 -> 51
	174 -> 54
	176 -> 55
	178 -> 56
	180 -> 58
}
